% -------------------------------------------------------------------
%  Generated by MATLAB on 29-Sep-2016 05:05:06
%  MATLAB version: 9.0.0.341360 (R2016a)
% -------------------------------------------------------------------
                                    

br = 0;

cols = 2;

dup = ...
  [-5 10;
   5 -10];

i = 2;

j = 3;

matr = ...
  [30 10 -80;
   0 15 -20;
   90 20 50];

maxmin = -5;

minmax = 5;

rows = 2;

